0 415
1 412
2 386
3 435
4 413
5 434
6 387
7 433
8 409
9 408
10 431
11 427
12 455
13 421
14 428
15 400
16 397
17 398
18 396
19 446
20 425
21 416
22 419
23 403
24 417
25 421
26 399
27 426
28 415
29 411
30 405
31 404
32 425
33 431
34 418
35 407
36 399
37 404
38 406
39 405
40 408
41 434
42 389
43 381
44 380
45 415
46 402
47 407
48 393
49 411
50 416
51 419
52 387
53 407
54 416
55 364
56 354
57 405
58 418
59 368
60 393
61 405
62 370
63 423
64 374
65 357
66 394
67 402
68 401
69 394
70 405
71 373
72 404
73 388
74 369
75 377
76 386
77 355
78 388
79 410
80 390
81 374
82 401
83 406
84 418
85 351
86 380
87 385
88 378
89 373
90 387
91 361
92 390
93 395
94 370
95 390
96 376
97 381
98 432
99 370
100 390
101 402
102 404
103 411
104 380
105 382
106 374
107 380
108 383
109 392
110 380
111 371
112 354
113 362
114 385
115 352
116 406
117 354
118 355
119 373
120 353
121 353
122 358
123 367
124 345
125 360
126 369
127 350
128 358
129 383
130 344
131 395
132 383
133 378
134 397
135 348
136 341
137 387
138 369
139 349
140 367
141 357
142 384
143 362
144 348
145 353
146 380
147 338
148 390
149 384
150 384
151 365
152 375
153 367
154 390
155 347
156 385
157 358
158 389
159 380
160 367
161 337
162 391
163 359
164 371
165 385
166 348
167 366
168 355
169 375
170 370
171 382
172 377
173 353
174 385
175 379
176 369
177 325
178 391
179 349
180 363
181 335
182 357
183 377
184 369
185 359
186 401
187 338
188 382
189 492
190 619
191 883
192 1211
193 1437
194 1479
195 1227
196 894
197 603
198 463
199 352
200 389
201 376
202 378
203 358
204 364
205 370
206 350
207 330
208 356
209 336
210 335
211 335
212 330
213 381
214 353
215 336
216 340
217 352
218 353
219 361
220 368
221 356
222 374
223 343
224 339
225 365
226 317
227 330
228 321
229 353
230 348
231 349
232 336
233 375
234 354
235 332
236 284
237 304
238 323
239 330
240 299
241 322
242 315
243 324
244 323
245 377
246 340
247 360
248 335
249 344
250 297
251 306
252 325
253 331
254 364
255 346
256 333
257 329
258 362
259 334
260 321
261 333
262 320
263 371
264 313
265 364
266 317
267 341
268 359
269 291
270 347
271 348
272 324
273 345
274 338
275 316
276 317
277 342
278 315
279 338
280 330
281 337
282 300
283 314
284 336
285 314
286 324
287 306
288 349
289 325
290 306
291 336
292 337
293 320
294 308
295 327
296 318
297 348
298 326
299 349
300 344
301 310
302 317
303 296
304 326
305 293
306 290
307 330
308 340
309 325
310 322
311 297
312 356
313 330
314 339
315 323
316 317
317 344
318 342
319 310
320 330
321 330
322 328
323 321
324 295
325 325
326 314
327 328
328 304
329 318
330 319
331 332
332 317
333 329
334 320
335 300
336 347
337 316
338 310
339 336
340 304
341 298
342 331
343 300
344 292
345 324
346 325
347 276
348 336
349 289
350 277
351 306
352 295
353 349
354 305
355 317
356 317
357 281
358 312
359 291
360 314
361 300
362 352
363 291
364 316
365 320
366 359
367 303
368 312
369 340
370 331
371 335
372 277
373 303
374 319
375 266
376 315
377 313
378 347
379 302
380 343
381 327
382 338
383 389
384 482
385 561
386 574
387 564
388 533
389 394
390 368
391 312
392 315
393 283
394 308
395 305
396 324
397 313
398 309
399 301
400 309
401 326
402 314
403 301
404 318
405 312
406 314
407 294
408 316
409 340
410 299
411 290
412 298
413 289
414 293
415 286
416 274
417 292
418 283
419 282
420 311
421 289
422 294
423 323
424 319
425 263
426 305
427 329
428 270
429 290
430 291
431 309
432 297
433 302
434 294
435 268
436 294
437 269
438 293
439 289
440 312
441 268
442 312
443 281
444 292
445 280
446 267
447 308
448 309
449 302
450 268
451 296
452 276
453 285
454 279
455 272
456 271
457 279
458 276
459 301
460 280
461 283
462 301
463 278
464 291
465 276
466 274
467 275
468 263
469 292
470 253
471 289
472 288
473 283
474 300
475 284
476 281
477 284
478 261
479 263
480 294
481 292
482 301
483 266
484 264
485 277
486 258
487 275
488 289
489 280
490 267
491 235
492 246
493 248
494 283
495 311
496 279
497 286
498 307
499 293
500 278
501 279
502 294
503 257
504 293
505 259
506 306
507 275
508 272
509 278
510 269
511 293
512 255
513 291
514 277
515 256
516 263
517 259
518 295
519 251
520 274
521 286
522 265
523 303
524 306
525 290
526 291
527 253
528 272
529 254
530 258
531 243
532 257
533 256
534 250
535 256
536 273
537 272
538 280
539 231
540 293
541 249
542 267
543 267
544 266
545 244
546 258
547 273
548 266
549 292
550 297
551 341
552 458
553 634
554 913
555 1244
556 1337
557 1153
558 850
559 567
560 406
561 324
562 268
563 249
564 263
565 262
566 247
567 241
568 261
569 273
570 248
571 238
572 252
573 251
574 259
575 259
576 281
577 244
578 265
579 259
580 248
581 260
582 242
583 268
584 250
585 278
586 248
587 233
588 252
589 267
590 247
591 213
592 249
593 268
594 272
595 244
596 259
597 296
598 295
599 276
600 281
601 245
602 268
603 265
604 229
605 270
606 241
607 297
608 276
609 259
610 266
611 257
612 253
613 248
614 240
615 234
616 276
617 259
618 253
619 259
620 250
621 254
622 210
623 259
624 255
625 250
626 265
627 255
628 237
629 254
630 256
631 249
632 242
633 235
634 256
635 252
636 243
637 245
638 248
639 250
640 231
641 253
642 228
643 299
644 249
645 247
646 257
647 233
648 244
649 233
650 239
651 207
652 238
653 233
654 249
655 279
656 257
657 248
658 239
659 264
660 227
661 254
662 209
663 221
664 246
665 246
666 224
667 255
668 234
669 228
670 263
671 234
672 248
673 239
674 236
675 247
676 225
677 277
678 299
679 287
680 307
681 336
682 274
683 272
684 243
685 241
686 236
687 257
688 241
689 221
690 226
691 230
692 233
693 254
694 253
695 243
696 213
697 232
698 222
699 245
700 249
701 213
702 237
703 242
704 210
705 263
706 211
707 223
708 228
709 234
710 240
711 256
712 246
713 231
714 231
715 254
716 236
717 232
718 254
719 211
720 242
721 189
722 212
723 226
724 239
725 235
726 240
727 207
728 253
729 248
730 231
731 272
732 223
733 240
734 209
735 238
736 234
737 230
738 239
739 228
740 233
741 255
742 297
743 337
744 342
745 352
746 302
747 289
748 260
749 198
750 225
751 228
752 242
753 240
754 237
755 215
756 216
757 225
758 227
759 232
760 229
761 227
762 216
763 204
764 213
765 217
766 216
767 199
768 227
769 204
770 223
771 216
772 232
773 220
774 216
775 205
776 193
777 191
778 206
779 183
780 199
781 213
782 228
783 215
784 217
785 214
786 205
787 225
788 201
789 232
790 218
791 202
792 226
793 227
794 195
795 217
796 202
797 215
798 209
799 218
800 238
801 223
802 226
803 239
804 196
805 205
806 215
807 222
808 198
809 204
810 209
811 182
812 215
813 230
814 235
815 216
816 217
817 222
818 216
819 211
820 227
821 204
822 228
823 217
824 210
825 203
826 223
827 214
828 197
829 211
830 195
831 208
832 204
833 202
834 182
835 207
836 219
837 217
838 195
839 219
840 207
841 210
842 219
843 211
844 210
845 220
846 207
847 197
848 202
849 230
850 206
851 202
852 196
853 201
854 223
855 210
856 204
857 205
858 174
859 205
860 210
861 199
862 185
863 210
864 204
865 188
866 216
867 191
868 188
869 196
870 193
871 216
872 197
873 182
874 189
875 211
876 220
877 207
878 220
879 196
880 193
881 172
882 195
883 199
884 212
885 176
886 184
887 198
888 199
889 221
890 184
891 197
892 193
893 199
894 179
895 182
896 205
897 188
898 166
899 184
900 228
901 214
902 188
903 201
904 199
905 189
906 211
907 203
908 203
909 202
910 202
911 202
912 220
913 202
914 217
915 183
916 233
917 183
918 221
919 187
920 170
921 179
922 211
923 188
924 180
925 219
926 188
927 212
928 203
929 223
930 197
931 179
932 180
933 193
934 201
935 200
936 201
937 201
938 214
939 203
940 215
941 168
942 205
943 187
944 170
945 179
946 189
947 171
948 176
949 182
950 185
951 221
952 182
953 165
954 195
955 182
956 183
957 183
958 205
959 207
960 187
961 181
962 187
963 183
964 165
965 187
966 159
967 159
968 167
969 165
970 222
971 181
972 185
973 180
974 177
975 158
976 193
977 180
978 181
979 182
980 197
981 213
982 195
983 194
984 177
985 168
986 176
987 201
988 177
989 171
990 179
991 180
992 180
993 177
994 176
995 176
996 167
997 179
998 157
999 168
1000 182
1001 180
1002 193
1003 173
1004 159
1005 178
1006 197
1007 185
1008 181
1009 190
1010 196
1011 173
1012 188
1013 175
1014 199
1015 205
1016 196
1017 164
1018 180
1019 178
1020 181
1021 181
1022 186
1023 154
1024 176
1025 174
1026 184
1027 182
1028 182
1029 165
1030 176
1031 212
1032 179
1033 175
1034 168
1035 146
1036 154
1037 189
1038 175
1039 174
1040 179
1041 174
1042 183
1043 172
1044 175
1045 173
1046 184
1047 173
1048 201
1049 179
1050 192
1051 156
1052 165
1053 162
1054 169
1055 185
1056 183
1057 168
1058 173
1059 198
1060 167
1061 181
1062 185
1063 171
1064 163
1065 162
1066 168
1067 160
1068 178
1069 170
1070 172
1071 173
1072 148
1073 175
1074 163
1075 169
1076 165
1077 191
1078 172
1079 169
1080 197
1081 189
1082 167
1083 149
1084 171
1085 177
1086 135
1087 161
1088 144
1089 174
1090 176
1091 210
1092 165
1093 190
1094 154
1095 190
1096 155
1097 150
1098 155
1099 175
1100 178
1101 179
1102 163
1103 158
1104 157
1105 161
1106 163
1107 161
1108 147
1109 151
1110 167
1111 195
1112 134
1113 191
1114 159
1115 150
1116 147
1117 163
1118 154
1119 168
1120 167
1121 158
1122 155
1123 144
1124 154
1125 174
1126 163
1127 167
1128 161
1129 171
1130 163
1131 139
1132 164
1133 144
1134 162
1135 165
1136 151
1137 157
1138 147
1139 157
1140 145
1141 145
1142 170
1143 176
1144 177
1145 155
1146 169
1147 158
1148 156
1149 163
1150 169
1151 156
1152 140
1153 156
1154 154
1155 162
1156 172
1157 158
1158 174
1159 161
1160 164
1161 152
1162 148
1163 158
1164 166
1165 185
1166 141
1167 145
1168 148
1169 143
1170 129
1171 138
1172 166
1173 155
1174 155
1175 161
1176 132
1177 170
1178 162
1179 123
1180 140
1181 128
1182 160
1183 130
1184 150
1185 146
1186 168
1187 150
1188 158
1189 175
1190 143
1191 160
1192 137
1193 141
1194 143
1195 161
1196 156
1197 157
1198 158
1199 166
1200 140
1201 137
1202 176
1203 144
1204 152
1205 162
1206 141
1207 137
1208 138
1209 151
1210 139
1211 158
1212 153
1213 160
1214 173
1215 142
1216 158
1217 151
1218 163
1219 156
1220 152
1221 147
1222 141
1223 153
1224 159
1225 144
1226 141
1227 142
1228 160
1229 157
1230 143
1231 154
1232 151
1233 158
1234 126
1235 145
1236 160
1237 143
1238 160
1239 140
1240 145
1241 153
1242 138
1243 127
1244 124
1245 158
1246 130
1247 177
1248 154
1249 144
1250 152
1251 172
1252 172
1253 153
1254 146
1255 144
1256 138
1257 137
1258 151
1259 143
1260 134
1261 152
1262 130
1263 141
1264 169
1265 161
1266 139
1267 142
1268 138
1269 124
1270 168
1271 127
1272 158
1273 133
1274 155
1275 139
1276 148
1277 146
1278 150
1279 151
1280 140
1281 141
1282 147
1283 134
1284 148
1285 127
1286 158
1287 151
1288 167
1289 146
1290 130
1291 135
1292 156
1293 130
1294 122
1295 134
1296 134
1297 154
1298 147
1299 145
1300 147
1301 163
1302 154
1303 140
1304 152
1305 150
1306 137
1307 151
1308 143
1309 131
1310 161
1311 158
1312 123
1313 133
1314 138
1315 147
1316 147
1317 134
1318 127
1319 149
1320 123
1321 152
1322 170
1323 180
1324 188
1325 155
1326 147
1327 138
1328 131
1329 131
1330 148
1331 138
1332 134
1333 126
1334 156
1335 133
1336 149
1337 155
1338 129
1339 156
1340 114
1341 134
1342 138
1343 143
1344 125
1345 150
1346 142
1347 159
1348 132
1349 116
1350 136
1351 127
1352 154
1353 139
1354 145
1355 120
1356 131
1357 142
1358 138
1359 136
1360 125
1361 142
1362 123
1363 134
1364 135
1365 123
1366 141
1367 134
1368 121
1369 128
1370 103
1371 116
1372 127
1373 139
1374 137
1375 118
1376 125
1377 129
1378 115
1379 115
1380 139
1381 143
1382 137
1383 114
1384 129
1385 138
1386 120
1387 150
1388 123
1389 147
1390 119
1391 127
1392 119
1393 111
1394 140
1395 130
1396 133
1397 125
1398 134
1399 138
1400 126
1401 135
1402 154
1403 131
1404 140
1405 130
1406 138
1407 124
1408 141
1409 118
1410 144
1411 132
1412 123
1413 107
1414 122
1415 144
1416 128
1417 121
1418 125
1419 139
1420 134
1421 125
1422 130
1423 145
1424 137
1425 138
1426 124
1427 129
1428 101
1429 115
1430 123
1431 111
1432 128
1433 133
1434 136
1435 123
1436 142
1437 110
1438 109
1439 123
1440 145
1441 115
1442 126
1443 120
1444 119
1445 122
1446 149
1447 120
1448 121
1449 139
1450 122
1451 117
1452 126
1453 137
1454 134
1455 106
1456 129
1457 119
1458 145
1459 125
1460 131
1461 129
1462 119
1463 122
1464 129
1465 104
1466 125
1467 126
1468 122
1469 129
1470 137
1471 141
1472 124
1473 138
1474 148
1475 124
1476 105
1477 122
1478 123
1479 126
1480 107
1481 130
1482 127
1483 105
1484 107
1485 126
1486 114
1487 123
1488 128
1489 112
1490 114
1491 120
1492 127
1493 122
1494 102
1495 111
1496 100
1497 116
1498 121
1499 129
1500 120
1501 127
1502 109
1503 115
1504 130
1505 110
1506 135
1507 114
1508 130
1509 93
1510 131
1511 119
1512 113
1513 103
1514 132
1515 113
1516 103
1517 123
1518 124
1519 137
1520 127
1521 114
1522 111
1523 106
1524 119
1525 107
1526 104
1527 134
1528 86
1529 115
1530 126
1531 116
1532 100
1533 126
1534 144
1535 97
1536 119
1537 123
1538 130
1539 123
1540 103
1541 105
1542 126
1543 109
1544 109
1545 115
1546 118
1547 127
1548 113
1549 115
1550 123
1551 98
1552 113
1553 114
1554 113
1555 96
1556 98
1557 107
1558 115
1559 95
1560 100
1561 102
1562 106
1563 123
1564 117
1565 101
1566 112
1567 107
1568 121
1569 113
1570 112
1571 132
1572 101
1573 112
1574 115
1575 109
1576 102
1577 108
1578 124
1579 112
1580 120
1581 101
1582 119
1583 100
1584 128
1585 116
1586 168
1587 178
1588 256
1589 428
1590 607
1591 629
1592 533
1593 428
1594 271
1595 196
1596 140
1597 131
1598 121
1599 107
1600 98
1601 104
1602 97
1603 119
1604 113
1605 105
1606 106
1607 104
1608 116
1609 124
1610 95
1611 96
1612 122
1613 113
1614 127
1615 125
1616 109
1617 103
1618 96
1619 112
1620 109
1621 112
1622 110
1623 105
1624 97
1625 106
1626 108
1627 102
1628 98
1629 102
1630 96
1631 117
1632 121
1633 100
1634 100
1635 123
1636 110
1637 102
1638 107
1639 102
1640 112
1641 122
1642 107
1643 101
1644 112
1645 135
1646 111
1647 119
1648 122
1649 105
1650 102
1651 100
1652 87
1653 107
1654 101
1655 105
1656 108
1657 102
1658 115
1659 112
1660 107
1661 112
1662 102
1663 91
1664 115
1665 83
1666 101
1667 106
1668 102
1669 118
1670 119
1671 94
1672 89
1673 90
1674 94
1675 102
1676 95
1677 103
1678 86
1679 90
1680 88
1681 99
1682 89
1683 123
1684 93
1685 111
1686 75
1687 101
1688 104
1689 99
1690 96
1691 104
1692 89
1693 100
1694 106
1695 91
1696 82
1697 108
1698 96
1699 96
1700 100
1701 123
1702 88
1703 109
1704 99
1705 99
1706 96
1707 116
1708 104
1709 89
1710 100
1711 112
1712 103
1713 92
1714 119
1715 110
1716 87
1717 102
1718 83
1719 84
1720 92
1721 95
1722 90
1723 100
1724 97
1725 89
1726 91
1727 92
1728 107
1729 99
1730 102
1731 95
1732 115
1733 94
1734 101
1735 99
1736 96
1737 97
1738 115
1739 118
1740 100
1741 101
1742 99
1743 98
1744 101
1745 86
1746 88
1747 96
1748 105
1749 89
1750 118
1751 96
1752 91
1753 110
1754 104
1755 93
1756 97
1757 89
1758 97
1759 97
1760 100
1761 93
1762 97
1763 95
1764 89
1765 98
1766 115
1767 105
1768 94
1769 94
1770 109
1771 82
1772 86
1773 92
1774 99
1775 92
1776 92
1777 86
1778 93
1779 86
1780 100
1781 113
1782 102
1783 109
1784 88
1785 93
1786 109
1787 99
1788 96
1789 104
1790 95
1791 96
1792 94
1793 86
1794 101
1795 100
1796 98
1797 98
1798 107
1799 91
1800 75
1801 89
1802 102
1803 89
1804 95
1805 90
1806 90
1807 81
1808 103
1809 81
1810 104
1811 102
1812 103
1813 81
1814 92
1815 87
1816 88
1817 96
1818 108
1819 85
1820 71
1821 94
1822 95
1823 95
1824 84
1825 86
1826 79
1827 76
1828 94
1829 88
1830 93
1831 95
1832 92
1833 96
1834 94
1835 84
1836 85
1837 91
1838 84
1839 92
1840 78
1841 108
1842 74
1843 90
1844 82
1845 84
1846 78
1847 95
1848 78
1849 109
1850 90
1851 91
1852 82
1853 101
1854 87
1855 79
1856 88
1857 105
1858 85
1859 89
1860 72
1861 98
1862 91
1863 92
1864 103
1865 80
1866 88
1867 77
1868 89
1869 95
1870 93
1871 103
1872 82
1873 87
1874 75
1875 81
1876 90
1877 100
1878 85
1879 71
1880 102
1881 85
1882 71
1883 80
1884 101
1885 130
1886 144
1887 189
1888 235
1889 252
1890 223
1891 181
1892 152
1893 120
1894 103
1895 85
1896 81
1897 92
1898 100
1899 91
1900 102
1901 96
1902 96
1903 80
1904 79
1905 83
1906 101
1907 78
1908 86
1909 85
1910 88
1911 92
1912 69
1913 86
1914 95
1915 85
1916 94
1917 71
1918 97
1919 94
1920 88
1921 88
1922 82
1923 83
1924 98
1925 89
1926 91
1927 74
1928 72
1929 86
1930 84
1931 87
1932 80
1933 84
1934 79
1935 85
1936 83
1937 80
1938 77
1939 70
1940 83
1941 100
1942 86
1943 57
1944 82
1945 75
1946 94
1947 90
1948 93
1949 84
1950 76
1951 92
1952 77
1953 77
1954 84
1955 103
1956 76
1957 65
1958 86
1959 100
1960 69
1961 89
1962 74
1963 86
1964 90
1965 87
1966 87
1967 74
1968 72
1969 76
1970 77
1971 86
1972 86
1973 60
1974 96
1975 75
1976 77
1977 83
1978 75
1979 74
1980 80
1981 80
1982 81
1983 78
1984 88
1985 70
1986 77
1987 77
1988 77
1989 88
1990 93
1991 86
1992 79
1993 73
1994 82
1995 77
1996 72
1997 73
1998 77
1999 78
2000 81
2001 56
2002 80
2003 66
2004 70
2005 89
2006 76
2007 84
2008 108
2009 92
2010 83
2011 93
2012 87
2013 95
2014 72
2015 73
2016 83
2017 72
2018 94
2019 87
2020 76
2021 81
2022 84
2023 76
2024 73
2025 96
2026 82
2027 75
2028 91
2029 85
2030 82
2031 68
2032 90
2033 71
2034 77
2035 85
2036 79
2037 80
2038 76
2039 82
2040 61
2041 80
2042 79
2043 66
2044 81
2045 69
2046 67
2047 90
2048 83
2049 61
2050 69
2051 73
2052 69
2053 85
2054 77
2055 73
2056 94
2057 76
2058 80
2059 89
2060 65
2061 75
2062 81
2063 86
2064 74
2065 80
2066 67
2067 71
2068 84
2069 91
2070 80
2071 82
2072 81
2073 71
2074 70
2075 73
2076 76
2077 85
2078 74
2079 82
2080 62
2081 83
2082 73
2083 64
2084 75
2085 74
2086 67
2087 85
2088 64
2089 61
2090 60
2091 76
2092 69
2093 81
2094 84
2095 70
2096 86
2097 75
2098 71
2099 76
2100 70
2101 79
2102 82
2103 71
2104 61
2105 74
2106 62
2107 61
2108 72
2109 68
2110 55
2111 55
2112 77
2113 83
2114 80
2115 91
2116 69
2117 57
2118 71
2119 84
2120 70
2121 77
2122 76
2123 70
2124 82
2125 75
2126 70
2127 71
2128 68
2129 80
2130 72
2131 66
2132 63
2133 70
2134 66
2135 77
2136 90
2137 67
2138 74
2139 69
2140 63
2141 62
2142 73
2143 87
2144 86
2145 72
2146 66
2147 63
2148 77
2149 70
2150 64
2151 57
2152 69
2153 67
2154 66
2155 72
2156 71
2157 78
2158 66
2159 68
2160 58
2161 74
2162 74
2163 84
2164 70
2165 63
2166 66
2167 75
2168 87
2169 61
2170 66
2171 81
2172 82
2173 78
2174 71
2175 76
2176 51
2177 59
2178 61
2179 60
2180 81
2181 68
2182 83
2183 74
2184 56
2185 69
2186 69
2187 71
2188 67
2189 57
2190 56
2191 87
2192 66
2193 61
2194 55
2195 63
2196 65
2197 56
2198 76
2199 79
2200 56
2201 74
2202 73
2203 77
2204 62
2205 72
2206 63
2207 66
2208 63
2209 63
2210 62
2211 63
2212 64
2213 69
2214 67
2215 68
2216 70
2217 68
2218 58
2219 69
2220 75
2221 70
2222 73
2223 76
2224 71
2225 63
2226 67
2227 72
2228 69
2229 63
2230 77
2231 69
2232 78
2233 66
2234 71
2235 61
2236 60
2237 66
2238 65
2239 68
2240 50
2241 81
2242 47
2243 52
2244 70
2245 62
2246 51
2247 65
2248 53
2249 71
2250 70
2251 84
2252 66
2253 63
2254 76
2255 88
2256 136
2257 249
2258 427
2259 556
2260 630
2261 572
2262 430
2263 264
2264 165
2265 96
2266 81
2267 49
2268 81
2269 55
2270 54
2271 50
2272 64
2273 76
2274 64
2275 67
2276 54
2277 64
2278 77
2279 65
2280 63
2281 72
2282 54
2283 52
2284 68
2285 63
2286 74
2287 52
2288 62
2289 73
2290 62
2291 52
2292 62
2293 62
2294 63
2295 63
2296 56
2297 51
2298 70
2299 60
2300 63
2301 60
2302 59
2303 61
2304 70
2305 63
2306 69
2307 51
2308 76
2309 60
2310 67
2311 69
2312 53
2313 53
2314 59
2315 72
2316 61
2317 52
2318 49
2319 71
2320 57
2321 69
2322 66
2323 67
2324 58
2325 56
2326 55
2327 52
2328 61
2329 61
2330 59
2331 62
2332 57
2333 50
2334 60
2335 73
2336 58
2337 71
2338 68
2339 51
2340 56
2341 41
2342 60
2343 67
2344 64
2345 54
2346 61
2347 47
2348 74
2349 41
2350 48
2351 60
2352 53
2353 67
2354 56
2355 55
2356 56
2357 62
2358 65
2359 52
2360 63
2361 54
2362 53
2363 67
2364 69
2365 65
2366 57
2367 61
2368 47
2369 62
2370 58
2371 71
2372 52
2373 58
2374 62
2375 61
2376 71
2377 74
2378 54
2379 62
2380 55
2381 46
2382 51
2383 49
2384 43
2385 65
2386 61
2387 43
2388 57
2389 53
2390 50
2391 60
2392 62
2393 58
2394 59
2395 52
2396 45
2397 57
2398 58
2399 61
2400 56
2401 63
2402 49
2403 55
2404 45
2405 55
2406 54
2407 46
2408 53
2409 71
2410 59
2411 51
2412 54
2413 54
2414 42
2415 44
2416 62
2417 65
2418 70
2419 53
2420 54
2421 45
2422 67
2423 47
2424 42
2425 45
2426 63
2427 65
2428 64
2429 59
2430 54
2431 41
2432 58
2433 71
2434 69
2435 51
2436 61
2437 51
2438 50
2439 62
2440 61
2441 52
2442 62
2443 53
2444 54
2445 60
2446 66
2447 58
2448 55
2449 64
2450 58
2451 57
2452 39
2453 54
2454 36
2455 61
2456 52
2457 56
2458 49
2459 55
2460 58
2461 57
2462 51
2463 50
2464 59
2465 48
2466 48
2467 43
2468 49
2469 54
2470 52
2471 55
2472 53
2473 56
2474 58
2475 43
2476 48
2477 61
2478 45
2479 50
2480 45
2481 61
2482 51
2483 58
2484 49
2485 54
2486 46
2487 54
2488 48
2489 53
2490 45
2491 51
2492 35
2493 44
2494 45
2495 47
2496 61
2497 53
2498 52
2499 49
2500 57
2501 70
2502 45
2503 57
2504 52
2505 51
2506 50
2507 60
2508 50
2509 59
2510 47
2511 52
2512 53
2513 51
2514 71
2515 56
2516 63
2517 58
2518 45
2519 49
2520 41
2521 50
2522 44
2523 49
2524 48
2525 51
2526 45
2527 49
2528 46
2529 47
2530 45
2531 66
2532 49
2533 52
2534 49
2535 44
2536 47
2537 51
2538 49
2539 44
2540 55
2541 57
2542 47
2543 44
2544 59
2545 59
2546 63
2547 52
2548 54
2549 51
2550 61
2551 40
2552 44
2553 54
2554 35
2555 45
2556 45
2557 49
2558 51
2559 63
2560 49
2561 52
2562 55
2563 54
2564 61
2565 54
2566 45
2567 40
2568 46
2569 54
2570 58
2571 48
2572 41
2573 37
2574 42
2575 42
2576 53
2577 49
2578 58
2579 45
2580 46
2581 45
2582 52
2583 55
2584 52
2585 42
2586 43
2587 50
2588 56
2589 42
2590 62
2591 66
2592 47
2593 45
2594 47
2595 34
2596 53
2597 53
2598 45
2599 43
2600 37
2601 44
2602 44
2603 43
2604 32
2605 45
2606 41
2607 50
2608 51
2609 38
2610 55
2611 42
2612 43
2613 48
2614 53
2615 49
2616 47
2617 54
2618 46
2619 58
2620 57
2621 39
2622 46
2623 42
2624 57
2625 46
2626 39
2627 41
2628 50
2629 40
2630 45
2631 50
2632 42
2633 49
2634 52
2635 45
2636 36
2637 43
2638 51
2639 52
2640 48
2641 44
2642 44
2643 38
2644 39
2645 38
2646 33
2647 53
2648 49
2649 60
2650 43
2651 49
2652 41
2653 40
2654 46
2655 39
2656 48
2657 37
2658 56
2659 50
2660 40
2661 40
2662 50
2663 41
2664 45
2665 43
2666 49
2667 35
2668 36
2669 43
2670 43
2671 30
2672 41
2673 48
2674 53
2675 49
2676 52
2677 54
2678 52
2679 42
2680 38
2681 36
2682 52
2683 46
2684 40
2685 49
2686 31
2687 44
2688 35
2689 42
2690 55
2691 47
2692 43
2693 45
2694 30
2695 46
2696 37
2697 43
2698 46
2699 58
2700 38
2701 43
2702 38
2703 35
2704 41
2705 38
2706 41
2707 45
2708 45
2709 39
2710 42
2711 41
2712 37
2713 39
2714 44
2715 56
2716 51
2717 43
2718 36
2719 49
2720 52
2721 41
2722 51
2723 43
2724 67
2725 47
2726 42
2727 39
2728 47
2729 41
2730 58
2731 31
2732 41
2733 39
2734 39
2735 51
2736 46
2737 50
2738 38
2739 50
2740 44
2741 46
2742 38
2743 41
2744 43
2745 49
2746 39
2747 40
2748 49
2749 37
2750 30
2751 57
2752 45
2753 31
2754 41
2755 32
2756 34
2757 46
2758 33
2759 48
2760 36
2761 38
2762 52
2763 31
2764 42
2765 43
2766 46
2767 48
2768 44
2769 41
2770 52
2771 49
2772 40
2773 45
2774 32
2775 41
2776 33
2777 52
2778 37
2779 31
2780 44
2781 45
2782 43
2783 50
2784 44
2785 44
2786 43
2787 48
2788 28
2789 43
2790 32
2791 33
2792 43
2793 46
2794 41
2795 42
2796 50
2797 46
2798 93
2799 162
2800 247
2801 359
2802 446
2803 381
2804 307
2805 163
2806 115
2807 62
2808 38
2809 44
2810 38
2811 37
2812 28
2813 43
2814 27
2815 41
2816 39
2817 41
2818 52
2819 98
2820 109
2821 120
2822 94
2823 71
2824 55
2825 41
2826 39
2827 48
2828 38
2829 32
2830 49
2831 46
2832 32
2833 35
2834 32
2835 46
2836 39
2837 52
2838 44
2839 37
2840 36
2841 33
2842 34
2843 42
2844 37
2845 27
2846 37
2847 32
2848 41
2849 35
2850 40
2851 37
2852 33
2853 41
2854 41
2855 38
2856 45
2857 36
2858 38
2859 27
2860 40
2861 33
2862 44
2863 38
2864 40
2865 39
2866 47
2867 39
2868 42
2869 34
2870 51
2871 35
2872 35
2873 31
2874 44
2875 31
2876 38
2877 36
2878 41
2879 39
2880 41
2881 43
2882 38
2883 40
2884 28
2885 33
2886 35
2887 33
2888 40
2889 36
2890 47
2891 39
2892 39
2893 35
2894 41
2895 44
2896 37
2897 34
2898 32
2899 37
2900 51
2901 30
2902 38
2903 28
2904 23
2905 43
2906 41
2907 36
2908 26
2909 26
2910 35
2911 33
2912 32
2913 27
2914 35
2915 31
2916 49
2917 39
2918 27
2919 52
2920 35
2921 32
2922 28
2923 36
2924 39
2925 64
2926 74
2927 140
2928 266
2929 417
2930 534
2931 549
2932 457
2933 305
2934 157
2935 79
2936 53
2937 34
2938 26
2939 37
2940 28
2941 24
2942 42
2943 33
2944 40
2945 26
2946 40
2947 35
2948 32
2949 46
2950 40
2951 39
2952 36
2953 33
2954 36
2955 42
2956 34
2957 29
2958 30
2959 43
2960 35
2961 44
2962 32
2963 31
2964 31
2965 38
2966 33
2967 41
2968 31
2969 30
2970 33
2971 41
2972 37
2973 37
2974 38
2975 36
2976 35
2977 27
2978 25
2979 35
2980 36
2981 36
2982 28
2983 32
2984 32
2985 31
2986 36
2987 31
2988 33
2989 26
2990 34
2991 29
2992 41
2993 30
2994 26
2995 47
2996 39
2997 27
2998 31
2999 36
3000 26
3001 27
3002 48
3003 31
3004 23
3005 33
3006 35
3007 31
3008 34
3009 27
3010 31
3011 28
3012 29
3013 33
3014 26
3015 44
3016 42
3017 35
3018 39
3019 25
3020 48
3021 32
3022 30
3023 36
3024 30
3025 29
3026 24
3027 40
3028 28
3029 28
3030 34
3031 32
3032 49
3033 39
3034 42
3035 29
3036 37
3037 26
3038 30
3039 38
3040 22
3041 37
3042 42
3043 22
3044 28
3045 37
3046 42
3047 35
3048 35
3049 31
3050 22
3051 37
3052 21
3053 32
3054 32
3055 29
3056 25
3057 33
3058 36
3059 36
3060 23
3061 24
3062 34
3063 31
3064 29
3065 35
3066 38
3067 30
3068 33
3069 30
3070 39
3071 20
3072 28
3073 32
3074 37
3075 35
3076 26
3077 35
3078 36
3079 41
3080 32
3081 35
3082 31
3083 36
3084 34
3085 29
3086 37
3087 25
3088 38
3089 25
3090 29
3091 33
3092 34
3093 30
3094 38
3095 29
3096 30
3097 27
3098 28
3099 34
3100 30
3101 27
3102 31
3103 33
3104 41
3105 31
3106 37
3107 38
3108 29
3109 41
3110 47
3111 29
3112 31
3113 33
3114 29
3115 31
3116 39
3117 32
3118 39
3119 33
3120 29
3121 32
3122 32
3123 29
3124 38
3125 36
3126 28
3127 25
3128 31
3129 37
3130 37
3131 31
3132 35
3133 37
3134 32
3135 27
3136 27
3137 30
3138 38
3139 23
3140 30
3141 39
3142 33
3143 29
3144 38
3145 17
3146 28
3147 28
3148 28
3149 35
3150 39
3151 30
3152 31
3153 30
3154 34
3155 35
3156 38
3157 29
3158 32
3159 34
3160 24
3161 39
3162 30
3163 37
3164 35
3165 30
3166 24
3167 29
3168 37
3169 33
3170 27
3171 20
3172 39
3173 37
3174 25
3175 34
3176 32
3177 24
3178 33
3179 27
3180 33
3181 29
3182 41
3183 34
3184 25
3185 27
3186 27
3187 33
3188 27
3189 27
3190 35
3191 28
3192 23
3193 20
3194 29
3195 25
3196 37
3197 25
3198 35
3199 31
3200 28
3201 27
3202 21
3203 25
3204 18
3205 33
3206 31
3207 25
3208 32
3209 23
3210 33
3211 28
3212 25
3213 25
3214 29
3215 30
3216 22
3217 31
3218 24
3219 30
3220 23
3221 25
3222 16
3223 24
3224 25
3225 29
3226 24
3227 28
3228 26
3229 27
3230 26
3231 26
3232 32
3233 30
3234 32
3235 27
3236 29
3237 32
3238 25
3239 25
3240 26
3241 39
3242 31
3243 26
3244 29
3245 25
3246 29
3247 17
3248 26
3249 27
3250 26
3251 24
3252 31
3253 30
3254 28
3255 39
3256 23
3257 27
3258 31
3259 32
3260 30
3261 32
3262 26
3263 24
3264 25
3265 16
3266 33
3267 23
3268 22
3269 18
3270 23
3271 25
3272 28
3273 26
3274 25
3275 21
3276 36
3277 25
3278 28
3279 23
3280 32
3281 25
3282 27
3283 28
3284 21
3285 22
3286 21
3287 26
3288 37
3289 22
3290 32
3291 28
3292 21
3293 23
3294 26
3295 29
3296 25
3297 20
3298 32
3299 32
3300 23
3301 26
3302 28
3303 25
3304 35
3305 26
3306 36
3307 23
3308 27
3309 20
3310 17
3311 30
3312 32
3313 26
3314 20
3315 25
3316 30
3317 31
3318 26
3319 36
3320 25
3321 25
3322 32
3323 38
3324 34
3325 28
3326 20
3327 31
3328 27
3329 29
3330 26
3331 31
3332 30
3333 21
3334 23
3335 32
3336 28
3337 29
3338 24
3339 25
3340 19
3341 26
3342 21
3343 26
3344 26
3345 33
3346 26
3347 30
3348 22
3349 27
3350 21
3351 23
3352 27
3353 29
3354 21
3355 22
3356 27
3357 21
3358 24
3359 21
3360 22
3361 22
3362 19
3363 22
3364 23
3365 19
3366 32
3367 26
3368 27
3369 25
3370 23
3371 17
3372 27
3373 15
3374 22
3375 25
3376 24
3377 20
3378 20
3379 24
3380 28
3381 15
3382 34
3383 20
3384 32
3385 25
3386 27
3387 28
3388 23
3389 28
3390 19
3391 33
3392 35
3393 29
3394 22
3395 26
3396 27
3397 23
3398 24
3399 19
3400 11
3401 18
3402 24
3403 29
3404 22
3405 30
3406 22
3407 21
3408 22
3409 39
3410 24
3411 32
3412 30
3413 22
3414 21
3415 21
3416 28
3417 26
3418 25
3419 26
3420 22
3421 29
3422 24
3423 20
3424 28
3425 27
3426 25
3427 20
3428 35
3429 25
3430 23
3431 23
3432 24
3433 28
3434 24
3435 22
3436 29
3437 25
3438 28
3439 21
3440 36
3441 22
3442 27
3443 30
3444 17
3445 26
3446 31
3447 17
3448 21
3449 22
3450 19
3451 24
3452 26
3453 28
3454 35
3455 17
3456 27
3457 23
3458 23
3459 22
3460 24
3461 27
3462 27
3463 21
3464 27
3465 41
3466 70
3467 74
3468 84
3469 62
3470 47
3471 38
3472 32
3473 18
3474 22
3475 23
3476 22
3477 18
3478 33
3479 27
3480 23
3481 26
3482 24
3483 22
3484 20
3485 25
3486 27
3487 19
3488 16
3489 19
3490 18
3491 28
3492 19
3493 17
3494 22
3495 18
3496 29
3497 28
3498 25
3499 26
3500 16
3501 18
3502 34
3503 30
3504 17
3505 12
3506 18
3507 12
3508 15
3509 28
3510 16
3511 23
3512 25
3513 19
3514 23
3515 21
3516 30
3517 28
3518 19
3519 16
3520 19
3521 14
3522 22
3523 27
3524 15
3525 22
3526 24
3527 25
3528 32
3529 16
3530 25
3531 22
3532 32
3533 25
3534 20
3535 15
3536 25
3537 20
3538 12
3539 19
3540 31
3541 25
3542 26
3543 16
3544 21
3545 14
3546 24
3547 24
3548 19
3549 20
3550 24
3551 34
3552 25
3553 29
3554 28
3555 17
3556 28
3557 12
3558 13
3559 24
3560 21
3561 19
3562 17
3563 24
3564 22
3565 17
3566 13
3567 26
3568 24
3569 24
3570 18
3571 22
3572 21
3573 17
3574 18
3575 22
3576 19
3577 17
3578 18
3579 19
3580 25
3581 15
3582 26
3583 19
3584 16
3585 22
3586 22
3587 19
3588 13
3589 17
3590 31
3591 18
3592 21
3593 19
3594 29
3595 12
3596 17
3597 30
3598 18
3599 18
3600 28
3601 16
3602 22
3603 20
3604 33
3605 15
3606 32
3607 19
3608 22
3609 24
3610 28
3611 15
3612 21
3613 12
3614 14
3615 26
3616 32
3617 25
3618 20
3619 19
3620 24
3621 23
3622 24
3623 14
3624 25
3625 23
3626 16
3627 33
3628 26
3629 13
3630 27
3631 23
3632 14
3633 17
3634 21
3635 18
3636 12
3637 12
3638 25
3639 26
3640 16
3641 18
3642 16
3643 14
3644 19
3645 20
3646 10
3647 16
3648 18
3649 17
3650 19
3651 21
3652 19
3653 21
3654 25
3655 15
3656 22
3657 19
3658 24
3659 14
3660 17
3661 17
3662 13
3663 18
3664 16
3665 16
3666 19
3667 22
3668 17
3669 20
3670 26
3671 17
3672 21
3673 25
3674 18
3675 19
3676 29
3677 18
3678 25
3679 23
3680 19
3681 16
3682 21
3683 19
3684 16
3685 18
3686 15
3687 25
3688 17
3689 13
3690 19
3691 14
3692 21
3693 21
3694 12
3695 20
3696 18
3697 10
3698 12
3699 17
3700 16
3701 23
3702 17
3703 25
3704 14
3705 23
3706 15
3707 20
3708 19
3709 19
3710 24
3711 17
3712 13
3713 18
3714 19
3715 21
3716 21
3717 12
3718 13
3719 25
3720 21
3721 19
3722 15
3723 17
3724 14
3725 20
3726 22
3727 17
3728 22
3729 19
3730 17
3731 24
3732 14
3733 22
3734 12
3735 12
3736 19
3737 15
3738 19
3739 20
3740 10
3741 25
3742 14
3743 18
3744 16
3745 16
3746 18
3747 13
3748 17
3749 10
3750 14
3751 18
3752 23
3753 17
3754 21
3755 16
3756 17
3757 12
3758 22
3759 12
3760 17
3761 20
3762 16
3763 16
3764 18
3765 13
3766 15
3767 22
3768 19
3769 18
3770 16
3771 15
3772 20
3773 14
3774 20
3775 19
3776 19
3777 17
3778 18
3779 24
3780 17
3781 16
3782 16
3783 17
3784 13
3785 16
3786 24
3787 16
3788 15
3789 14
3790 18
3791 18
3792 26
3793 21
3794 21
3795 16
3796 17
3797 17
3798 22
3799 15
3800 20
3801 18
3802 18
3803 10
3804 14
3805 15
3806 21
3807 18
3808 21
3809 21
3810 18
3811 14
3812 12
3813 20
3814 22
3815 18
3816 11
3817 17
3818 14
3819 21
3820 16
3821 17
3822 17
3823 15
3824 26
3825 19
3826 18
3827 17
3828 20
3829 18
3830 13
3831 20
3832 19
3833 24
3834 16
3835 21
3836 12
3837 16
3838 16
3839 19
3840 19
3841 16
3842 21
3843 15
3844 11
3845 21
3846 17
3847 20
3848 17
3849 16
3850 20
3851 14
3852 16
3853 19
3854 10
3855 13
3856 13
3857 15
3858 14
3859 18
3860 16
3861 20
3862 13
3863 16
3864 22
3865 15
3866 18
3867 18
3868 14
3869 10
3870 15
3871 20
3872 15
3873 10
3874 16
3875 11
3876 12
3877 16
3878 8
3879 22
3880 14
3881 14
3882 23
3883 17
3884 11
3885 15
3886 15
3887 16
3888 22
3889 21
3890 21
3891 14
3892 11
3893 13
3894 14
3895 14
3896 21
3897 14
3898 11
3899 10
3900 8
3901 17
3902 13
3903 15
3904 16
3905 16
3906 18
3907 21
3908 17
3909 18
3910 12
3911 13
3912 19
3913 20
3914 13
3915 22
3916 12
3917 17
3918 10
3919 14
3920 19
3921 17
3922 15
3923 18
3924 15
3925 15
3926 16
3927 18
3928 17
3929 17
3930 14
3931 18
3932 11
3933 16
3934 16
3935 12
3936 16
3937 12
3938 14
3939 18
3940 16
3941 13
3942 11
3943 11
3944 8
3945 21
3946 18
3947 12
3948 19
3949 12
3950 9
3951 18
3952 10
3953 19
3954 9
3955 17
3956 13
3957 15
3958 18
3959 13
3960 12
3961 22
3962 17
3963 15
3964 14
3965 20
3966 20
3967 14
3968 13
3969 15
3970 11
3971 15
3972 13
3973 10
3974 13
3975 18
3976 19
3977 20
3978 19
3979 20
3980 28
3981 50
3982 61
3983 73
3984 80
3985 56
3986 41
3987 24
3988 23
3989 17
3990 23
3991 17
3992 6
3993 14
3994 14
3995 13
3996 11
3997 19
3998 12
3999 13
4000 16
4001 21
4002 11
4003 10
4004 11
4005 8
4006 15
4007 9
4008 16
4009 13
4010 15
4011 16
4012 13
4013 18
4014 7
4015 11
4016 13
4017 21
4018 20
4019 14
4020 9
4021 19
4022 20
4023 13
4024 16
4025 14
4026 14
4027 18
4028 23
4029 20
4030 12
4031 15
4032 17
4033 20
4034 13
4035 15
4036 14
4037 14
4038 19
4039 14
4040 13
4041 20
4042 12
4043 12
4044 12
4045 18
4046 17
4047 8
4048 13
4049 6
4050 16
4051 18
4052 11
4053 20
4054 16
4055 13
4056 18
4057 13
4058 15
4059 12
4060 8
4061 17
4062 14
4063 10
4064 14
4065 14
4066 15
4067 12
4068 10
4069 12
4070 11
4071 14
4072 10
4073 13
4074 10
4075 17
4076 19
4077 9
4078 10
4079 12
4080 15
4081 16
4082 12
4083 15
4084 8
4085 10
4086 12
4087 15
4088 16
4089 15
4090 21
4091 9
4092 11
4093 16
4094 13
4095 11
4096 18
4097 12
4098 14
4099 11
4100 11
4101 21
4102 17
4103 15
4104 12
4105 5
4106 13
4107 18
4108 9
4109 13
4110 10
4111 15
4112 12
4113 12
4114 18
4115 13
4116 14
4117 10
4118 11
4119 13
4120 22
4121 20
4122 11
4123 16
4124 18
4125 18
4126 15
4127 15
4128 15
4129 12
4130 7
4131 12
4132 8
4133 19
4134 11
4135 19
4136 10
4137 16
4138 9
4139 12
4140 12
4141 11
4142 10
4143 24
4144 9
4145 14
4146 19
4147 12
4148 14
4149 9
4150 11
4151 12
4152 10
4153 8
4154 7
4155 8
4156 9
4157 11
4158 10
4159 12
4160 22
4161 13
4162 20
4163 19
4164 15
4165 6
4166 13
4167 12
4168 14
4169 8
4170 12
4171 10
4172 10
4173 15
4174 15
4175 12
4176 15
4177 11
4178 14
4179 14
4180 16
4181 12
4182 14
4183 24
4184 8
4185 11
4186 15
4187 14
4188 12
4189 11
4190 13
4191 12
4192 5
4193 8
4194 10
4195 13
4196 13
4197 16
4198 18
4199 15
4200 20
4201 16
4202 13
4203 9
4204 7
4205 13
4206 10
4207 17
4208 16
4209 13
4210 15
4211 8
4212 17
4213 13
4214 10
4215 16
4216 10
4217 11
4218 15
4219 9
4220 14
4221 17
4222 8
4223 9
4224 15
4225 12
4226 7
4227 12
4228 13
4229 12
4230 6
4231 14
4232 11
4233 6
4234 13
4235 14
4236 13
4237 15
4238 15
4239 15
4240 11
4241 8
4242 8
4243 12
4244 15
4245 9
4246 15
4247 12
4248 12
4249 13
4250 4
4251 6
4252 17
4253 17
4254 12
4255 8
4256 9
4257 12
4258 16
4259 11
4260 6
4261 12
4262 12
4263 10
4264 13
4265 10
4266 12
4267 10
4268 6
4269 21
4270 10
4271 16
4272 16
4273 12
4274 15
4275 14
4276 13
4277 14
4278 14
4279 7
4280 15
4281 5
4282 8
4283 14
4284 13
4285 11
4286 14
4287 9
4288 15
4289 10
4290 8
4291 9
4292 10
4293 8
4294 14
4295 11
4296 15
4297 8
4298 14
4299 11
4300 13
4301 12
4302 10
4303 11
4304 17
4305 13
4306 8
4307 12
4308 12
4309 6
4310 12
4311 6
4312 16
4313 14
4314 12
4315 9
4316 5
4317 15
4318 10
4319 15
4320 6
4321 10
4322 17
4323 12
4324 9
4325 10
4326 14
4327 5
4328 6
4329 8
4330 10
4331 9
4332 10
4333 12
4334 13
4335 14
4336 11
4337 11
4338 10
4339 12
4340 7
4341 14
4342 14
4343 12
4344 12
4345 12
4346 11
4347 10
4348 13
4349 9
4350 13
4351 9
4352 11
4353 14
4354 9
4355 11
4356 14
4357 6
4358 10
4359 8
4360 9
4361 9
4362 9
4363 17
4364 13
4365 7
4366 17
4367 10
4368 6
4369 7
4370 8
4371 16
4372 21
4373 6
4374 8
4375 14
4376 14
4377 11
4378 11
4379 13
4380 15
4381 17
4382 16
4383 12
4384 17
4385 12
4386 10
4387 10
4388 6
4389 14
4390 5
4391 12
4392 13
4393 11
4394 6
4395 11
4396 8
4397 13
4398 11
4399 9
4400 15
4401 8
4402 15
4403 10
4404 8
4405 10
4406 5
4407 7
4408 9
4409 9
4410 9
4411 11
4412 10
4413 9
4414 3
4415 10
4416 6
4417 11
4418 10
4419 13
4420 12
4421 12
4422 9
4423 9
4424 10
4425 13
4426 9
4427 16
4428 7
4429 8
4430 14
4431 11
4432 9
4433 16
4434 16
4435 13
4436 7
4437 12
4438 11
4439 7
4440 11
4441 6
4442 6
4443 6
4444 9
4445 8
4446 11
4447 7
4448 9
4449 9
4450 12
4451 14
4452 22
4453 17
4454 14
4455 15
4456 11
4457 6
4458 10
4459 6
4460 12
4461 8
4462 10
4463 12
4464 10
4465 12
4466 13
4467 4
4468 12
4469 8
4470 17
4471 9
4472 7
4473 11
4474 14
4475 12
4476 6
4477 10
4478 11
4479 9
4480 9
4481 14
4482 15
4483 10
4484 11
4485 14
4486 8
4487 9
4488 11
4489 12
4490 20
4491 8
4492 13
4493 7
4494 13
4495 14
4496 10
4497 6
4498 8
4499 13
4500 9
4501 14
4502 11
4503 7
4504 9
4505 11
4506 16
4507 14
4508 8
4509 10
4510 8
4511 7
4512 5
4513 7
4514 8
4515 8
4516 11
4517 5
4518 16
4519 8
4520 13
4521 9
4522 9
4523 14
4524 13
4525 8
4526 14
4527 6
4528 8
4529 9
4530 9
4531 14
4532 13
4533 16
4534 9
4535 18
4536 5
4537 7
4538 8
4539 5
4540 14
4541 10
4542 6
4543 8
4544 10
4545 8
4546 5
4547 5
4548 13
4549 8
4550 9
4551 11
4552 8
4553 8
4554 13
4555 6
4556 10
4557 13
4558 7
4559 8
4560 13
4561 9
4562 11
4563 13
4564 9
4565 11
4566 11
4567 9
4568 11
4569 6
4570 6
4571 3
4572 6
4573 7
4574 5
4575 10
4576 15
4577 10
4578 8
4579 7
4580 10
4581 6
4582 8
4583 10
4584 13
4585 11
4586 4
4587 11
4588 10
4589 10
4590 5
4591 5
4592 12
4593 12
4594 6
4595 8
4596 6
4597 10
4598 9
4599 7
4600 8
4601 7
4602 13
4603 9
4604 10
4605 9
4606 7
4607 11
4608 8
4609 5
4610 7
4611 11
4612 2
4613 11
4614 9
4615 8
4616 9
4617 7
4618 11
4619 10
4620 12
4621 10
4622 7
4623 14
4624 6
4625 10
4626 9
4627 8
4628 11
4629 12
4630 12
4631 6
4632 5
4633 9
4634 4
4635 9
4636 2
4637 8
4638 9
4639 7
4640 8
4641 5
4642 12
4643 8
4644 1
4645 8
4646 8
4647 8
4648 7
4649 7
4650 13
4651 8
4652 6
4653 8
4654 9
4655 6
4656 3
4657 6
4658 5
4659 8
4660 3
4661 13
4662 6
4663 12
4664 8
4665 6
4666 14
4667 9
4668 5
4669 4
4670 10
4671 11
4672 6
4673 7
4674 8
4675 9
4676 10
4677 15
4678 9
4679 4
4680 9
4681 11
4682 8
4683 6
4684 8
4685 4
4686 9
4687 10
4688 13
4689 16
4690 7
4691 8
4692 4
4693 6
4694 8
4695 9
4696 9
4697 2
4698 5
4699 11
4700 9
4701 8
4702 7
4703 9
4704 10
4705 7
4706 8
4707 4
4708 5
4709 10
4710 14
4711 31
4712 101
4713 247
4714 485
4715 701
4716 824
4717 782
4718 554
4719 333
4720 168
4721 36
4722 24
4723 15
4724 8
4725 11
4726 10
4727 12
4728 5
4729 8
4730 7
4731 8
4732 5
4733 6
4734 8
4735 9
4736 6
4737 6
4738 7
4739 11
4740 3
4741 6
4742 10
4743 8
4744 6
4745 8
4746 12
4747 8
4748 8
4749 7
4750 6
4751 6
4752 7
4753 6
4754 7
4755 11
4756 6
4757 7
4758 11
4759 6
4760 9
4761 7
4762 9
4763 7
4764 10
4765 12
4766 9
4767 8
4768 7
4769 5
4770 7
4771 13
4772 7
4773 8
4774 12
4775 5
4776 8
4777 6
4778 6
4779 4
4780 11
4781 12
4782 6
4783 8
4784 10
4785 8
4786 8
4787 10
4788 3
4789 10
4790 9
4791 11
4792 10
4793 8
4794 7
4795 9
4796 9
4797 9
4798 7
4799 5
4800 14
4801 4
4802 6
4803 10
4804 6
4805 9
4806 4
4807 6
4808 6
4809 8
4810 7
4811 2
4812 7
4813 5
4814 6
4815 10
4816 7
4817 3
4818 8
4819 8
4820 15
4821 8
4822 11
4823 8
4824 6
4825 11
4826 10
4827 11
4828 8
4829 7
4830 6
4831 8
4832 8
4833 6
4834 6
4835 2
4836 2
4837 8
4838 6
4839 6
4840 5
4841 16
4842 8
4843 7
4844 5
4845 7
4846 9
4847 10
4848 9
4849 8
4850 3
4851 7
4852 8
4853 7
4854 7
4855 6
4856 3
4857 6
4858 6
4859 5
4860 14
4861 7
4862 8
4863 10
4864 7
4865 11
4866 9
4867 8
4868 11
4869 5
4870 4
4871 6
4872 9
4873 5
4874 12
4875 16
4876 6
4877 10
4878 3
4879 4
4880 6
4881 8
4882 7
4883 7
4884 12
4885 8
4886 7
4887 5
4888 7
4889 6
4890 13
4891 7
4892 8
4893 11
4894 10
4895 6
4896 7
4897 9
4898 12
4899 7
4900 7
4901 12
4902 8
4903 6
4904 8
4905 8
4906 7
4907 7
4908 7
4909 9
4910 8
4911 6
4912 14
4913 6
4914 6
4915 8
4916 6
4917 12
4918 6
4919 7
4920 8
4921 9
4922 7
4923 7
4924 7
4925 10
4926 7
4927 8
4928 8
4929 7
4930 8
4931 12
4932 7
4933 9
4934 4
4935 9
4936 8
4937 10
4938 6
4939 11
4940 9
4941 3
4942 7
4943 5
4944 6
4945 8
4946 8
4947 8
4948 11
4949 4
4950 8
4951 13
4952 6
4953 7
4954 8
4955 11
4956 11
4957 8
4958 5
4959 8
4960 5
4961 7
4962 4
4963 8
4964 13
4965 7
4966 11
4967 8
4968 4
4969 6
4970 12
4971 4
4972 6
4973 8
4974 6
4975 11
4976 8
4977 8
4978 6
4979 5
4980 3
4981 7
4982 9
4983 9
4984 12
4985 9
4986 5
4987 11
4988 3
4989 5
4990 10
4991 3
4992 6
4993 2
4994 8
4995 4
4996 11
4997 6
4998 8
4999 4
5000 9
5001 5
5002 8
5003 4
5004 7
5005 8
5006 10
5007 15
5008 6
5009 9
5010 7
5011 10
5012 10
5013 8
5014 7
5015 3
5016 6
5017 6
5018 6
5019 4
5020 3
5021 6
5022 11
5023 8
5024 6
5025 10
5026 4
5027 8
5028 3
5029 5
5030 3
5031 3
5032 6
5033 3
5034 5
5035 3
5036 9
5037 4
5038 8
5039 8
5040 6
5041 2
5042 8
5043 4
5044 10
5045 8
5046 5
5047 7
5048 6
5049 10
5050 8
5051 8
5052 4
5053 7
5054 9
5055 8
5056 7
5057 5
5058 9
5059 8
5060 4
5061 8
5062 6
5063 8
5064 7
5065 5
5066 5
5067 6
5068 13
5069 4
5070 9
5071 6
5072 9
5073 7
5074 10
5075 3
5076 9
5077 5
5078 6
5079 7
5080 7
5081 5
5082 4
5083 8
5084 4
5085 5
5086 4
5087 9
5088 6
5089 2
5090 5
5091 7
5092 7
5093 5
5094 11
5095 7
5096 3
5097 4
5098 7
5099 5
5100 4
5101 7
5102 3
5103 9
5104 5
5105 6
5106 4
5107 3
5108 5
5109 8
5110 8
5111 5
5112 5
5113 7
5114 5
5115 3
5116 4
5117 4
5118 7
5119 5
5120 6
5121 5
5122 9
5123 7
5124 5
5125 11
5126 5
5127 8
5128 5
5129 7
5130 3
5131 9
5132 5
5133 10
5134 4
5135 4
5136 5
5137 5
5138 6
5139 4
5140 6
5141 4
5142 4
5143 1
5144 10
5145 10
5146 5
5147 8
5148 5
5149 7
5150 3
5151 2
5152 5
5153 5
5154 6
5155 7
5156 1
5157 9
5158 5
5159 8
5160 9
5161 8
5162 7
5163 6
5164 5
5165 4
5166 9
5167 3
5168 4
5169 12
5170 4
5171 4
5172 5
5173 8
5174 5
5175 5
5176 10
5177 2
5178 7
5179 3
5180 6
5181 4
5182 2
5183 9
5184 7
5185 9
5186 4
5187 5
5188 6
5189 3
5190 8
5191 5
5192 6
5193 4
5194 4
5195 4
5196 5
5197 7
5198 4
5199 8
5200 4
5201 6
5202 6
5203 7
5204 10
5205 6
5206 1
5207 8
5208 3
5209 10
5210 3
5211 7
5212 4
5213 10
5214 9
5215 10
5216 5
5217 9
5218 6
5219 4
5220 2
5221 5
5222 10
5223 6
5224 4
5225 3
5226 2
5227 9
5228 9
5229 7
5230 6
5231 2
5232 3
5233 9
5234 3
5235 8
5236 3
5237 8
5238 5
5239 8
5240 3
5241 4
5242 2
5243 9
5244 4
5245 3
5246 1
5247 4
5248 8
5249 6
5250 6
5251 6
5252 2
5253 4
5254 5
5255 3
5256 5
5257 7
5258 2
5259 8
5260 2
5261 3
5262 5
5263 4
5264 5
5265 2
5266 5
5267 3
5268 7
5269 2
5270 9
5271 7
5272 6
5273 4
5274 11
5275 9
5276 3
5277 2
5278 7
5279 4
5280 4
5281 6
5282 7
5283 4
5284 8
5285 5
5286 6
5287 4
5288 9
5289 4
5290 8
5291 2
5292 5
5293 10
5294 4
5295 3
5296 3
5297 10
5298 4
5299 5
5300 9
5301 4
5302 6
5303 5
5304 6
5305 4
5306 7
5307 4
5308 2
5309 4
5310 3
5311 4
5312 5
5313 3
5314 3
5315 4
5316 3
5317 4
5318 6
5319 3
5320 3
5321 2
5322 10
5323 1
5324 3
5325 5
5326 4
5327 11
5328 7
5329 8
5330 4
5331 5
5332 4
5333 3
5334 5
5335 4
5336 4
5337 4
5338 2
5339 0
5340 3
5341 4
5342 2
5343 5
5344 5
5345 5
5346 11
5347 6
5348 2
5349 3
5350 2
5351 4
5352 5
5353 3
5354 5
5355 5
5356 3
5357 6
5358 7
5359 5
5360 5
5361 7
5362 4
5363 6
5364 5
5365 8
5366 9
5367 7
5368 5
5369 2
5370 6
5371 7
5372 4
5373 5
5374 8
5375 3
5376 4
5377 5
5378 7
5379 2
5380 4
5381 5
5382 3
5383 8
5384 2
5385 2
5386 4
5387 5
5388 5
5389 4
5390 2
5391 5
5392 4
5393 4
5394 7
5395 5
5396 6
5397 5
5398 4
5399 5
5400 6
5401 6
5402 1
5403 3
5404 6
5405 3
5406 4
5407 7
5408 4
5409 3
5410 4
5411 10
5412 2
5413 3
5414 2
5415 3
5416 6
5417 6
5418 1
5419 4
5420 3
5421 3
5422 2
5423 5
5424 3
5425 8
5426 5
5427 4
5428 4
5429 5
5430 4
5431 6
5432 6
5433 5
5434 5
5435 5
5436 5
5437 2
5438 2
5439 2
5440 2
5441 3
5442 7
5443 3
5444 3
5445 2
5446 4
5447 3
5448 2
5449 7
5450 3
5451 1
5452 7
5453 5
5454 4
5455 2
5456 3
5457 3
5458 5
5459 3
5460 4
5461 7
5462 4
5463 5
5464 3
5465 6
5466 4
5467 4
5468 4
5469 2
5470 5
5471 6
5472 4
5473 1
5474 1
5475 4
5476 5
5477 8
5478 6
5479 3
5480 6
5481 4
5482 7
5483 4
5484 4
5485 8
5486 2
5487 3
5488 7
5489 2
5490 2
5491 2
5492 4
5493 5
5494 1
5495 2
5496 5
5497 3
5498 5
5499 4
5500 5
5501 7
5502 2
5503 6
5504 3
5505 1
5506 3
5507 5
5508 6
5509 4
5510 4
5511 2
5512 11
5513 3
5514 2
5515 6
5516 4
5517 0
5518 4
5519 4
5520 2
5521 9
5522 1
5523 4
5524 7
5525 2
5526 5
5527 4
5528 1
5529 2
5530 2
5531 4
5532 4
5533 2
5534 3
5535 6
5536 3
5537 4
5538 3
5539 3
5540 1
5541 4
5542 5
5543 2
5544 5
5545 2
5546 2
5547 2
5548 4
5549 3
5550 5
5551 5
5552 2
5553 5
5554 4
5555 3
5556 8
5557 3
5558 3
5559 3
5560 3
5561 6
5562 3
5563 4
5564 9
5565 4
5566 2
5567 1
5568 2
5569 2
5570 5
5571 3
5572 5
5573 6
5574 6
5575 2
5576 3
5577 5
5578 4
5579 6
5580 1
5581 2
5582 4
5583 4
5584 4
5585 5
5586 4
5587 7
5588 1
5589 8
5590 3
5591 1
5592 4
5593 2
5594 2
5595 3
5596 7
5597 2
5598 5
5599 8
5600 4
5601 1
5602 5
5603 4
5604 3
5605 5
5606 4
5607 7
5608 1
5609 4
5610 8
5611 2
5612 6
5613 4
5614 3
5615 3
5616 4
5617 4
5618 4
5619 3
5620 2
5621 2
5622 4
5623 3
5624 6
5625 5
5626 4
5627 3
5628 7
5629 4
5630 5
5631 1
5632 0
5633 1
5634 3
5635 5
5636 1
5637 2
5638 5
5639 3
5640 6
5641 7
5642 3
5643 3
5644 5
5645 4
5646 1
5647 0
5648 1
5649 2
5650 2
5651 4
5652 3
5653 8
5654 4
5655 5
5656 2
5657 2
5658 4
5659 5
5660 3
5661 6
5662 5
5663 1
5664 1
5665 3
5666 6
5667 10
5668 3
5669 5
5670 7
5671 6
5672 3
5673 6
5674 1
5675 2
5676 6
5677 3
5678 5
5679 5
5680 5
5681 2
5682 2
5683 5
5684 1
5685 6
5686 7
5687 4
5688 3
5689 0
5690 2
5691 6
5692 6
5693 5
5694 2
5695 2
5696 6
5697 4
5698 7
5699 5
5700 6
5701 1
5702 7
5703 4
5704 4
5705 4
5706 3
5707 2
5708 2
5709 4
5710 4
5711 5
5712 1
5713 5
5714 7
5715 2
5716 3
5717 6
5718 5
5719 7
5720 2
5721 2
5722 8
5723 4
5724 3
5725 5
5726 2
5727 5
5728 4
5729 4
5730 3
5731 3
5732 3
5733 6
5734 0
5735 3
5736 4
5737 3
5738 5
5739 3
5740 5
5741 3
5742 3
5743 4
5744 2
5745 3
5746 7
5747 6
5748 1
5749 0
5750 4
5751 3
5752 4
5753 3
5754 4
5755 2
5756 1
5757 1
5758 4
5759 2
5760 4
5761 3
5762 3
5763 0
5764 3
5765 2
5766 2
5767 5
5768 1
5769 5
5770 2
5771 4
5772 2
5773 2
5774 3
5775 3
5776 3
5777 4
5778 2
5779 6
5780 1
5781 3
5782 2
5783 4
5784 2
5785 4
5786 6
5787 4
5788 5
5789 4
5790 2
5791 2
5792 2
5793 3
5794 2
5795 2
5796 3
5797 4
5798 2
5799 4
5800 4
5801 5
5802 5
5803 2
5804 4
5805 2
5806 4
5807 4
5808 5
5809 2
5810 3
5811 2
5812 2
5813 4
5814 5
5815 4
5816 1
5817 1
5818 1
5819 1
5820 3
5821 5
5822 6
5823 2
5824 3
5825 3
5826 3
5827 3
5828 4
5829 3
5830 5
5831 0
5832 3
5833 4
5834 4
5835 0
5836 7
5837 4
5838 3
5839 6
5840 2
5841 4
5842 2
5843 5
5844 5
5845 3
5846 2
5847 5
5848 5
5849 6
5850 4
5851 1
5852 8
5853 2
5854 1
5855 1
5856 3
5857 6
5858 3
5859 5
5860 2
5861 3
5862 2
5863 2
5864 1
5865 4
5866 2
5867 3
5868 3
5869 5
5870 2
5871 4
5872 1
5873 2
5874 5
5875 3
5876 3
5877 0
5878 5
5879 1
5880 2
5881 4
5882 2
5883 1
5884 3
5885 6
5886 3
5887 2
5888 2
5889 3
5890 2
5891 2
5892 4
5893 5
5894 4
5895 3
5896 4
5897 4
5898 4
5899 3
5900 3
5901 0
5902 3
5903 4
5904 1
5905 2
5906 5
5907 5
5908 3
5909 1
5910 4
5911 2
5912 4
5913 5
5914 2
5915 2
5916 1
5917 5
5918 1
5919 2
5920 1
5921 3
5922 5
5923 2
5924 4
5925 1
5926 5
5927 4
5928 4
5929 2
5930 4
5931 2
5932 4
5933 1
5934 2
5935 4
5936 3
5937 4
5938 3
5939 2
5940 4
5941 3
5942 2
5943 3
5944 6
5945 4
5946 5
5947 2
5948 4
5949 1
5950 2
5951 4
5952 6
5953 6
5954 3
5955 4
5956 0
5957 4
5958 3
5959 1
5960 5
5961 3
5962 4
5963 2
5964 0
5965 2
5966 4
5967 3
5968 3
5969 5
5970 2
5971 2
5972 3
5973 3
5974 4
5975 2
5976 4
5977 5
5978 6
5979 2
5980 3
5981 4
5982 0
5983 1
5984 5
5985 6
5986 0
5987 4
5988 2
5989 3
5990 1
5991 1
5992 3
5993 2
5994 3
5995 1
5996 2
5997 2
5998 3
5999 0
6000 5
6001 5
6002 4
6003 4
6004 1
6005 4
6006 5
6007 4
6008 0
6009 1
6010 1
6011 5
6012 2
6013 1
6014 5
6015 2
6016 3
6017 3
6018 5
6019 3
6020 3
6021 4
6022 2
6023 6
6024 2
6025 2
6026 1
6027 1
6028 1
6029 5
6030 2
6031 1
6032 5
6033 4
6034 1
6035 1
6036 4
6037 3
6038 4
6039 1
6040 3
6041 2
6042 2
6043 0
6044 2
6045 6
6046 1
6047 6
6048 0
6049 0
6050 3
6051 3
6052 5
6053 3
6054 2
6055 5
6056 1
6057 2
6058 2
6059 4
6060 3
6061 3
6062 4
6063 4
6064 1
6065 6
6066 2
6067 2
6068 2
6069 2
6070 3
6071 5
6072 7
6073 2
6074 3
6075 4
6076 2
6077 2
6078 0
6079 2
6080 2
6081 1
6082 3
6083 4
6084 3
6085 3
6086 2
6087 5
6088 3
6089 5
6090 2
6091 4
6092 1
6093 0
6094 3
6095 4
6096 2
6097 2
6098 1
6099 1
6100 6
6101 3
6102 5
6103 1
6104 2
6105 2
6106 2
6107 1
6108 4
6109 3
6110 1
6111 1
6112 4
6113 2
6114 3
6115 3
6116 1
6117 1
6118 6
6119 2
6120 0
6121 1
6122 3
6123 0
6124 2
6125 3
6126 3
6127 1
6128 2
6129 2
6130 3
6131 2
6132 10
6133 2
6134 0
6135 2
6136 4
6137 3
6138 2
6139 0
6140 3
6141 3
6142 1
6143 2
6144 6
6145 2
6146 2
6147 1
6148 1
6149 1
6150 1
6151 3
6152 2
6153 1
6154 4
6155 2
6156 3
6157 2
6158 4
6159 2
6160 2
6161 2
6162 4
6163 1
6164 1
6165 1
6166 1
6167 3
6168 3
6169 0
6170 3
6171 2
6172 0
6173 2
6174 2
6175 5
6176 0
6177 5
6178 1
6179 0
6180 3
6181 5
6182 3
6183 1
6184 1
6185 6
6186 5
6187 2
6188 3
6189 0
6190 5
6191 3
6192 3
6193 2
6194 0
6195 3
6196 1
6197 1
6198 1
6199 4
6200 3
6201 3
6202 0
6203 1
6204 1
6205 1
6206 2
6207 5
6208 2
6209 2
6210 2
6211 2
6212 1
6213 2
6214 5
6215 3
6216 2
6217 1
6218 1
6219 2
6220 1
6221 0
6222 2
6223 0
6224 2
6225 1
6226 4
6227 2
6228 2
6229 6
6230 3
6231 2
6232 1
6233 2
6234 2
6235 0
6236 1
6237 1
6238 2
6239 1
6240 2
6241 0
6242 1
6243 0
6244 1
6245 2
6246 0
6247 4
6248 3
6249 0
6250 2
6251 2
6252 2
6253 1
6254 2
6255 1
6256 2
6257 1
6258 3
6259 1
6260 0
6261 2
6262 1
6263 0
6264 3
6265 1
6266 0
6267 3
6268 1
6269 1
6270 4
6271 2
6272 2
6273 2
6274 1
6275 2
6276 4
6277 2
6278 2
6279 2
6280 2
6281 2
6282 5
6283 3
6284 2
6285 1
6286 3
6287 2
6288 1
6289 2
6290 1
6291 3
6292 4
6293 2
6294 1
6295 2
6296 3
6297 3
6298 1
6299 3
6300 1
6301 4
6302 4
6303 3
6304 0
6305 2
6306 0
6307 2
6308 1
6309 1
6310 2
6311 1
6312 2
6313 4
6314 5
6315 3
6316 5
6317 5
6318 1
6319 2
6320 2
6321 2
6322 0
6323 1
6324 2
6325 1
6326 1
6327 5
6328 0
6329 3
6330 1
6331 2
6332 2
6333 1
6334 2
6335 2
6336 1
6337 1
6338 3
6339 2
6340 2
6341 3
6342 2
6343 2
6344 1
6345 4
6346 2
6347 3
6348 1
6349 0
6350 0
6351 1
6352 0
6353 0
6354 1
6355 3
6356 3
6357 1
6358 3
6359 1
6360 1
6361 2
6362 1
6363 2
6364 2
6365 2
6366 1
6367 4
6368 2
6369 5
6370 1
6371 4
6372 2
6373 3
6374 2
6375 4
6376 2
6377 3
6378 2
6379 2
6380 2
6381 2
6382 0
6383 0
6384 3
6385 2
6386 3
6387 1
6388 2
6389 3
6390 0
6391 5
6392 4
6393 2
6394 4
6395 0
6396 1
6397 2
6398 2
6399 4
6400 1
6401 5
6402 5
6403 2
6404 2
6405 2
6406 1
6407 2
6408 2
6409 1
6410 4
6411 1
6412 4
6413 3
6414 6
6415 2
6416 3
6417 1
6418 3
6419 0
6420 2
6421 2
6422 2
6423 1
6424 1
6425 2
6426 6
6427 0
6428 1
6429 0
6430 2
6431 3
6432 3
6433 2
6434 2
6435 2
6436 2
6437 2
6438 3
6439 1
6440 0
6441 2
6442 2
6443 1
6444 1
6445 1
6446 2
6447 2
6448 1
6449 3
6450 3
6451 1
6452 4
6453 2
6454 1
6455 3
6456 4
6457 5
6458 0
6459 1
6460 0
6461 1
6462 2
6463 3
6464 3
6465 3
6466 1
6467 2
6468 2
6469 2
6470 4
6471 0
6472 2
6473 0
6474 0
6475 1
6476 2
6477 5
6478 0
6479 1
6480 0
6481 0
6482 4
6483 2
6484 1
6485 2
6486 1
6487 3
6488 2
6489 1
6490 3
6491 2
6492 0
6493 1
6494 3
6495 1
6496 0
6497 2
6498 1
6499 1
6500 1
6501 2
6502 4
6503 3
6504 2
6505 2
6506 3
6507 0
6508 0
6509 3
6510 0
6511 1
6512 1
6513 5
6514 2
6515 3
6516 1
6517 1
6518 2
6519 1
6520 3
6521 0
6522 0
6523 8
6524 1
6525 3
6526 0
6527 0
6528 1
6529 0
6530 2
6531 0
6532 2
6533 1
6534 1
6535 2
6536 2
6537 5
6538 1
6539 2
6540 2
6541 0
6542 2
6543 2
6544 0
6545 4
6546 3
6547 3
6548 4
6549 1
6550 3
6551 0
6552 1
6553 1
6554 1
6555 3
6556 1
6557 0
6558 6
6559 2
6560 5
6561 4
6562 1
6563 0
6564 2
6565 2
6566 0
6567 2
6568 5
6569 3
6570 0
6571 1
6572 3
6573 3
6574 0
6575 2
6576 2
6577 2
6578 1
6579 3
6580 1
6581 1
6582 2
6583 1
6584 2
6585 1
6586 3
6587 3
6588 2
6589 1
6590 1
6591 1
6592 2
6593 3
6594 2
6595 2
6596 1
6597 1
6598 0
6599 1
6600 1
6601 2
6602 4
6603 1
6604 2
6605 0
6606 4
6607 1
6608 7
6609 3
6610 5
6611 0
6612 1
6613 0
6614 2
6615 3
6616 1
6617 2
6618 0
6619 3
6620 3
6621 0
6622 2
6623 2
6624 1
6625 1
6626 0
6627 0
6628 0
6629 1
6630 4
6631 0
6632 2
6633 2
6634 2
6635 5
6636 1
6637 0
6638 1
6639 1
6640 0
6641 4
6642 0
6643 2
6644 0
6645 2
6646 1
6647 0
6648 2
6649 6
6650 1
6651 1
6652 2
6653 0
6654 0
6655 0
6656 1
6657 2
6658 0
6659 8
6660 2
6661 2
6662 1
6663 2
6664 0
6665 1
6666 2
6667 0
6668 2
6669 1
6670 0
6671 0
6672 3
6673 1
6674 1
6675 3
6676 4
6677 0
6678 2
6679 0
6680 1
6681 1
6682 0
6683 1
6684 1
6685 3
6686 1
6687 2
6688 3
6689 1
6690 0
6691 3
6692 2
6693 4
6694 0
6695 0
6696 1
6697 1
6698 1
6699 2
6700 1
6701 1
6702 1
6703 1
6704 3
6705 1
6706 0
6707 3
6708 1
6709 2
6710 1
6711 1
6712 3
6713 2
6714 2
6715 0
6716 0
6717 0
6718 2
6719 1
6720 4
6721 2
6722 3
6723 0
6724 2
6725 1
6726 1
6727 1
6728 4
6729 1
6730 1
6731 2
6732 1
6733 1
6734 3
6735 1
6736 4
6737 1
6738 0
6739 3
6740 1
6741 0
6742 1
6743 1
6744 0
6745 1
6746 2
6747 2
6748 0
6749 0
6750 4
6751 0
6752 0
6753 0
6754 5
6755 0
6756 1
6757 1
6758 1
6759 2
6760 2
6761 1
6762 3
6763 1
6764 2
6765 1
6766 0
6767 2
6768 2
6769 2
6770 1
6771 3
6772 0
6773 2
6774 2
6775 2
6776 0
6777 1
6778 1
6779 2
6780 0
6781 1
6782 2
6783 1
6784 2
6785 1
6786 3
6787 1
6788 1
6789 2
6790 0
6791 0
6792 0
6793 1
6794 2
6795 3
6796 1
6797 2
6798 2
6799 1
6800 0
6801 5
6802 1
6803 3
6804 0
6805 2
6806 2
6807 0
6808 0
6809 0
6810 1
6811 1
6812 1
6813 7
6814 4
6815 0
6816 3
6817 3
6818 1
6819 3
6820 3
6821 1
6822 1
6823 4
6824 2
6825 4
6826 0
6827 3
6828 1
6829 4
6830 1
6831 3
6832 0
6833 0
6834 2
6835 4
6836 3
6837 0
6838 3
6839 1
6840 0
6841 1
6842 3
6843 2
6844 1
6845 1
6846 3
6847 0
6848 3
6849 3
6850 1
6851 3
6852 1
6853 0
6854 0
6855 0
6856 1
6857 2
6858 1
6859 0
6860 1
6861 0
6862 0
6863 2
6864 2
6865 1
6866 2
6867 3
6868 2
6869 1
6870 0
6871 1
6872 2
6873 4
6874 3
6875 2
6876 3
6877 4
6878 1
6879 1
6880 0
6881 2
6882 0
6883 1
6884 3
6885 0
6886 0
6887 2
6888 0
6889 2
6890 1
6891 1
6892 1
6893 0
6894 1
6895 1
6896 0
6897 1
6898 0
6899 2
6900 2
6901 1
6902 0
6903 0
6904 3
6905 1
6906 2
6907 4
6908 1
6909 0
6910 2
6911 2
6912 2
6913 2
6914 0
6915 1
6916 2
6917 0
6918 3
6919 1
6920 2
6921 0
6922 3
6923 0
6924 0
6925 4
6926 2
6927 2
6928 1
6929 0
6930 4
6931 3
6932 2
6933 3
6934 1
6935 3
6936 1
6937 2
6938 1
6939 0
6940 0
6941 0
6942 0
6943 2
6944 0
6945 2
6946 1
6947 1
6948 0
6949 0
6950 0
6951 2
6952 1
6953 1
6954 0
6955 1
6956 1
6957 2
6958 1
6959 0
6960 0
6961 0
6962 0
6963 1
6964 2
6965 1
6966 0
6967 2
6968 0
6969 1
6970 3
6971 1
6972 2
6973 1
6974 2
6975 1
6976 4
6977 0
6978 1
6979 0
6980 1
6981 1
6982 3
6983 2
6984 0
6985 3
6986 1
6987 2
6988 1
6989 2
6990 0
6991 0
6992 0
6993 2
6994 0
6995 1
6996 0
6997 1
6998 2
6999 2
7000 2
7001 2
7002 0
7003 3
7004 2
7005 1
7006 1
7007 2
7008 2
7009 1
7010 2
7011 2
7012 1
7013 0
7014 1
7015 1
7016 1
7017 0
7018 4
7019 0
7020 4
7021 1
7022 2
7023 3
7024 1
7025 1
7026 2
7027 2
7028 0
7029 1
7030 1
7031 2
7032 2
7033 0
7034 2
7035 0
7036 0
7037 2
7038 0
7039 0
7040 1
7041 1
7042 3
7043 0
7044 3
7045 2
7046 1
7047 0
7048 0
7049 0
7050 2
7051 3
7052 0
7053 0
7054 1
7055 3
7056 3
7057 2
7058 2
7059 2
7060 5
7061 1
7062 2
7063 0
7064 1
7065 0
7066 2
7067 1
7068 3
7069 1
7070 3
7071 1
7072 5
7073 0
7074 0
7075 1
7076 1
7077 1
7078 1
7079 0
7080 0
7081 3
7082 0
7083 2
7084 1
7085 3
7086 1
7087 0
7088 3
7089 1
7090 1
7091 1
7092 1
7093 1
7094 2
7095 0
7096 0
7097 0
7098 1
7099 0
7100 0
7101 1
7102 0
7103 1
7104 0
7105 1
7106 0
7107 0
7108 0
7109 0
7110 1
7111 3
7112 2
7113 1
7114 0
7115 1
7116 1
7117 0
7118 3
7119 0
7120 1
7121 1
7122 1
7123 0
7124 0
7125 1
7126 1
7127 0
7128 0
7129 2
7130 1
7131 0
7132 1
7133 2
7134 1
7135 0
7136 4
7137 2
7138 1
7139 4
7140 3
7141 2
7142 1
7143 0
7144 1
7145 0
7146 0
7147 1
7148 0
7149 0
7150 1
7151 0
7152 1
7153 2
7154 0
7155 1
7156 1
7157 2
7158 1
7159 3
7160 0
7161 0
7162 0
7163 3
7164 0
7165 2
7166 0
7167 2
7168 0
7169 0
7170 0
7171 0
7172 1
7173 1
7174 1
7175 0
7176 2
7177 2
7178 0
7179 1
7180 0
7181 0
7182 2
7183 0
7184 1
7185 0
7186 1
7187 1
7188 2
7189 0
7190 0
7191 0
7192 4
7193 0
7194 0
7195 1
7196 2
7197 1
7198 1
7199 1
7200 2
7201 1
7202 0
7203 0
7204 1
7205 1
7206 0
7207 1
7208 3
7209 0
7210 1
7211 0
7212 1
7213 1
7214 1
7215 2
7216 1
7217 1
7218 1
7219 0
7220 1
7221 1
7222 0
7223 1
7224 0
7225 0
7226 1
7227 0
7228 0
7229 0
7230 3
7231 0
7232 2
7233 0
7234 2
7235 1
7236 0
7237 2
7238 0
7239 1
7240 2
7241 0
7242 1
7243 2
7244 1
7245 0
7246 1
7247 1
7248 1
7249 1
7250 1
7251 1
7252 0
7253 0
7254 1
7255 1
7256 2
7257 0
7258 1
7259 4
7260 1
7261 1
7262 3
7263 1
7264 1
7265 1
7266 1
7267 1
7268 3
7269 1
7270 3
7271 1
7272 1
7273 0
7274 0
7275 2
7276 2
7277 1
7278 0
7279 4
7280 0
7281 1
7282 1
7283 1
7284 0
7285 0
7286 0
7287 1
7288 4
7289 0
7290 0
7291 1
7292 1
7293 1
7294 2
7295 1
7296 0
7297 0
7298 1
7299 2
7300 0
7301 2
7302 1
7303 0
7304 1
7305 0
7306 2
7307 2
7308 2
7309 0
7310 1
7311 1
7312 0
7313 0
7314 0
7315 0
7316 0
7317 1
7318 3
7319 0
7320 1
7321 0
7322 1
7323 1
7324 1
7325 1
7326 1
7327 1
7328 1
7329 2
7330 0
7331 3
7332 2
7333 3
7334 0
7335 0
7336 0
7337 2
7338 2
7339 1
7340 1
7341 0
7342 0
7343 0
7344 1
7345 0
7346 2
7347 1
7348 0
7349 0
7350 0
7351 0
7352 2
7353 1
7354 1
7355 1
7356 0
7357 0
7358 1
7359 1
7360 2
7361 2
7362 1
7363 1
7364 0
7365 3
7366 2
7367 0
7368 3
7369 2
7370 1
7371 3
7372 0
7373 1
7374 0
7375 2
7376 0
7377 0
7378 0
7379 0
7380 1
7381 1
7382 1
7383 0
7384 0
7385 0
7386 0
7387 1
7388 2
7389 1
7390 0
7391 2
7392 1
7393 0
7394 2
7395 0
7396 0
7397 1
7398 2
7399 1
7400 1
7401 0
7402 1
7403 1
7404 0
7405 1
7406 0
7407 0
7408 3
7409 3
7410 0
7411 1
7412 2
7413 0
7414 1
7415 0
7416 0
7417 3
7418 3
7419 3
7420 1
7421 1
7422 0
7423 1
7424 2
7425 0
7426 1
7427 0
7428 1
7429 1
7430 1
7431 0
7432 0
7433 1
7434 0
7435 0
7436 0
7437 3
7438 1
7439 0
7440 0
7441 1
7442 0
7443 3
7444 2
7445 1
7446 0
7447 2
7448 2
7449 1
7450 1
7451 1
7452 1
7453 1
7454 0
7455 1
7456 1
7457 1
7458 1
7459 2
7460 0
7461 2
7462 2
7463 0
7464 1
7465 1
7466 0
7467 3
7468 3
7469 0
7470 1
7471 0
7472 2
7473 1
7474 0
7475 0
7476 2
7477 0
7478 1
7479 0
7480 0
7481 1
7482 2
7483 0
7484 0
7485 0
7486 2
7487 1
7488 2
7489 0
7490 0
7491 0
7492 0
7493 2
7494 0
7495 0
7496 1
7497 3
7498 0
7499 1
7500 0
7501 2
7502 1
7503 1
7504 0
7505 2
7506 1
7507 0
7508 0
7509 0
7510 2
7511 1
7512 0
7513 1
7514 0
7515 0
7516 1
7517 0
7518 0
7519 1
7520 0
7521 1
7522 1
7523 1
7524 0
7525 0
7526 1
7527 1
7528 0
7529 2
7530 0
7531 1
7532 0
7533 2
7534 1
7535 0
7536 0
7537 0
7538 0
7539 1
7540 0
7541 1
7542 3
7543 0
7544 1
7545 1
7546 2
7547 4
7548 2
7549 0
7550 1
7551 0
7552 0
7553 0
7554 0
7555 0
7556 1
7557 3
7558 0
7559 1
7560 0
7561 0
7562 1
7563 0
7564 0
7565 3
7566 0
7567 1
7568 0
7569 3
7570 2
7571 1
7572 1
7573 0
7574 0
7575 1
7576 0
7577 0
7578 0
7579 1
7580 1
7581 1
7582 1
7583 0
7584 0
7585 2
7586 0
7587 0
7588 1
7589 1
7590 1
7591 3
7592 2
7593 0
7594 0
7595 0
7596 2
7597 0
7598 0
7599 1
7600 1
7601 2
7602 4
7603 1
7604 1
7605 2
7606 5
7607 0
7608 1
7609 0
7610 0
7611 0
7612 1
7613 0
7614 0
7615 0
7616 0
7617 2
7618 0
7619 2
7620 2
7621 0
7622 1
7623 0
7624 2
7625 0
7626 2
7627 0
7628 2
7629 0
7630 0
7631 2
7632 0
7633 0
7634 0
7635 1
7636 2
7637 1
7638 1
7639 0
7640 1
7641 2
7642 2
7643 1
7644 0
7645 1
7646 2
7647 0
7648 0
7649 1
7650 1
7651 0
7652 0
7653 1
7654 1
7655 1
7656 0
7657 0
7658 1
7659 0
7660 0
7661 1
7662 0
7663 0
7664 1
7665 1
7666 0
7667 0
7668 0
7669 2
7670 1
7671 3
7672 1
7673 0
7674 0
7675 3
7676 1
7677 1
7678 0
7679 0
7680 2
7681 2
7682 4
7683 0
7684 1
7685 0
7686 0
7687 1
7688 1
7689 0
7690 1
7691 2
7692 0
7693 1
7694 2
7695 0
7696 1
7697 0
7698 4
7699 1
7700 0
7701 1
7702 2
7703 0
7704 2
7705 1
7706 1
7707 1
7708 1
7709 1
7710 0
7711 1
7712 1
7713 0
7714 1
7715 0
7716 0
7717 1
7718 1
7719 0
7720 0
7721 0
7722 1
7723 0
7724 1
7725 4
7726 1
7727 0
7728 1
7729 0
7730 1
7731 1
7732 1
7733 3
7734 0
7735 0
7736 0
7737 1
7738 0
7739 0
7740 1
7741 1
7742 3
7743 0
7744 0
7745 0
7746 0
7747 0
7748 0
7749 0
7750 0
7751 1
7752 2
7753 0
7754 0
7755 1
7756 0
7757 1
7758 0
7759 0
7760 1
7761 1
7762 0
7763 0
7764 1
7765 1
7766 1
7767 1
7768 0
7769 1
7770 0
7771 0
7772 1
7773 0
7774 0
7775 0
7776 0
7777 0
7778 0
7779 0
7780 2
7781 0
7782 1
7783 0
7784 1
7785 1
7786 0
7787 1
7788 0
7789 2
7790 0
7791 1
7792 0
7793 0
7794 0
7795 4
7796 0
7797 0
7798 1
7799 3
7800 0
7801 2
7802 1
7803 1
7804 5
7805 1
7806 2
7807 1
7808 1
7809 0
7810 0
7811 3
7812 0
7813 0
7814 2
7815 0
7816 2
7817 1
7818 1
7819 1
7820 0
7821 0
7822 0
7823 0
7824 0
7825 0
7826 2
7827 2
7828 0
7829 1
7830 0
7831 0
7832 2
7833 0
7834 1
7835 1
7836 0
7837 1
7838 3
7839 1
7840 1
7841 1
7842 0
7843 0
7844 0
7845 2
7846 0
7847 2
7848 0
7849 0
7850 0
7851 0
7852 1
7853 0
7854 1
7855 1
7856 3
7857 1
7858 1
7859 1
7860 0
7861 1
7862 0
7863 1
7864 1
7865 0
7866 0
7867 1
7868 1
7869 2
7870 0
7871 0
7872 0
7873 0
7874 2
7875 0
7876 0
7877 1
7878 0
7879 0
7880 0
7881 0
7882 0
7883 1
7884 1
7885 0
7886 1
7887 1
7888 0
7889 0
7890 1
7891 1
7892 0
7893 0
7894 0
7895 0
7896 0
7897 0
7898 0
7899 0
7900 0
7901 1
7902 1
7903 1
7904 1
7905 0
7906 2
7907 2
7908 0
7909 2
7910 0
7911 0
7912 0
7913 0
7914 0
7915 0
7916 0
7917 0
7918 0
7919 0
7920 2
7921 0
7922 0
7923 2
7924 0
7925 1
7926 0
7927 1
7928 1
7929 0
7930 1
7931 0
7932 0
7933 0
7934 0
7935 1
7936 0
7937 1
7938 0
7939 1
7940 0
7941 0
7942 0
7943 0
7944 0
7945 1
7946 0
7947 0
7948 0
7949 0
7950 0
7951 1
7952 0
7953 0
7954 2
7955 0
7956 1
7957 0
7958 0
7959 1
7960 0
7961 2
7962 1
7963 0
7964 0
7965 1
7966 0
7967 0
7968 0
7969 0
7970 0
7971 0
7972 0
7973 1
7974 0
7975 1
7976 1
7977 0
7978 1
7979 0
7980 1
7981 0
7982 0
7983 1
7984 2
7985 0
7986 1
7987 0
7988 0
7989 1
7990 0
7991 2
7992 0
7993 0
7994 1
7995 1
7996 0
7997 1
7998 0
7999 2
8000 0
8001 1
8002 0
8003 0
8004 1
8005 2
8006 0
8007 0
8008 0
8009 2
8010 2
8011 0
8012 0
8013 0
8014 0
8015 1
8016 2
8017 0
8018 1
8019 3
8020 0
8021 0
8022 2
8023 0
8024 1
8025 1
8026 3
8027 0
8028 0
8029 1
8030 1
8031 0
8032 0
8033 0
8034 1
8035 0
8036 0
8037 0
8038 2
8039 0
8040 1
8041 0
8042 0
8043 0
8044 0
8045 1
8046 0
8047 0
8048 1
8049 0
8050 0
8051 0
8052 1
8053 1
8054 0
8055 1
8056 0
8057 0
8058 2
8059 0
8060 2
8061 3
8062 0
8063 0
8064 0
8065 1
8066 0
8067 2
8068 0
8069 0
8070 0
8071 1
8072 0
8073 2
8074 1
8075 0
8076 1
8077 0
8078 2
8079 0
8080 1
8081 1
8082 0
8083 0
8084 0
8085 1
8086 2
8087 2
8088 0
8089 4
8090 1
8091 0
8092 1
8093 0
8094 0
8095 1
8096 1
8097 1
8098 0
8099 0
8100 0
8101 0
8102 1
8103 0
8104 0
8105 0
8106 1
8107 0
8108 1
8109 1
8110 0
8111 3
8112 0
8113 1
8114 0
8115 1
8116 1
8117 1
8118 0
8119 0
8120 1
8121 0
8122 0
8123 0
8124 0
8125 0
8126 0
8127 0
8128 0
8129 0
8130 0
8131 0
8132 1
8133 1
8134 2
8135 1
8136 2
8137 0
8138 0
8139 0
8140 0
8141 1
8142 0
8143 0
8144 0
8145 0
8146 0
8147 0
8148 0
8149 1
8150 4
8151 0
8152 1
8153 0
8154 0
8155 2
8156 0
8157 0
8158 0
8159 0
8160 1
8161 0
8162 0
8163 0
8164 0
8165 0
8166 0
8167 0
8168 0
8169 0
8170 3
8171 1
8172 0
8173 0
8174 0
8175 0
8176 0
8177 0
8178 1
8179 0
8180 1
8181 0
8182 0
8183 1
8184 1
8185 0
8186 1
8187 0
8188 0
8189 1
8190 1
8191 1
